%YAML:1.0
---
n0:
   p: !!opencv-matrix
      rows: 7
      cols: 2
      dt: f
      data: [ 1.70295929e+02, 3.52073425e+02, 2.87174683e+02,
          3.39746094e+02, 4.56397858e+02, 3.22932068e+02, 5.80314453e+02,
          3.12903473e+02, 6.98343262e+02, 3.05931763e+02, 8.05967712e+02,
          3.01549927e+02, 9.00712097e+02, 2.95867004e+02 ]
   idx: [ 0, 1, 2, 3, 4, 5, 6 ]
   i: "0"
   ndone: 7
   n: 7
n1:
   p: !!opencv-matrix
      rows: 7
      cols: 2
      dt: f
      data: [ 1.70700439e+02, 3.52203888e+02, 2.87485626e+02,
          3.39615509e+02, 4.51038361e+02, 3.23792603e+02, 5.80959900e+02,
          3.13527863e+02, 6.99314270e+02, 3.07138458e+02, 8.06813416e+02,
          3.02948273e+02, 9.01613525e+02, 2.98432983e+02 ]
   idx: [ 0, 1, 2, 3, 4, 5, 6 ]
   i: "1"
   ndone: 7
   n: 7
n2:
   p: !!opencv-matrix
      rows: 7
      cols: 2
      dt: f
      data: [ 1.70105057e+02, 3.52316315e+02, 2.87816803e+02,
          3.39494110e+02, 4.50717773e+02, 3.23747070e+02, 5.80679504e+02,
          3.13391266e+02, 6.99456543e+02, 3.07786469e+02, 8.06919434e+02,
          3.04205933e+02, 9.02065430e+02, 3.00223267e+02 ]
   idx: [ 0, 1, 2, 3, 4, 5, 6 ]
   i: "2"
   ndone: 7
   n: 7
n3:
   p: !!opencv-matrix
      rows: 7
      cols: 2
      dt: f
      data: [ 1.70451263e+02, 3.52394470e+02, 2.87091064e+02,
          3.40302673e+02, 4.50263947e+02, 3.23526581e+02, 5.80254150e+02,
          3.13966919e+02, 6.99385803e+02, 3.07088074e+02, 8.06766602e+02,
          3.03999451e+02, 9.02098877e+02, 2.99473145e+02 ]
   idx: [ 0, 1, 2, 3, 4, 5, 6 ]
   i: "3"
   ndone: 7
   n: 7
n4:
   p: !!opencv-matrix
      rows: 7
      cols: 2
      dt: f
      data: [ 1.70624878e+02, 3.51731323e+02, 2.87170929e+02,
          3.38972565e+02, 4.50366791e+02, 3.21354980e+02, 5.79886658e+02,
          3.10591522e+02, 6.97829407e+02, 3.03343658e+02, 8.04562561e+02,
          2.98235107e+02, 8.99477844e+02, 2.92736664e+02 ]
   idx: [ 0, 1, 2, 3, 4, 5, 6 ]
   i: "4"
   ndone: 7
   n: 7
n5:
   p: !!opencv-matrix
      rows: 7
      cols: 2
      dt: f
      data: [ 1.69740768e+02, 3.50561981e+02, 2.87102509e+02,
          3.37897949e+02, 4.49998291e+02, 3.20720001e+02, 5.78876038e+02,
          3.08048187e+02, 6.96163025e+02, 3.00302277e+02, 8.02760742e+02,
          2.94205475e+02, 8.97545349e+02, 2.86535858e+02 ]
   idx: [ 0, 1, 2, 3, 4, 5, 6 ]
   i: "5"
   ndone: 7
   n: 7
n6:
   p: !!opencv-matrix
      rows: 7
      cols: 2
      dt: f
      data: [ 1.69870331e+02, 3.50108185e+02, 2.86878052e+02,
          3.37111542e+02, 4.49313080e+02, 3.18676910e+02, 5.78192322e+02,
          3.06294464e+02, 6.95356689e+02, 2.97130005e+02, 8.01261414e+02,
          2.89714661e+02, 8.94248230e+02, 2.80550537e+02 ]
   idx: [ 0, 1, 2, 3, 4, 5, 6 ]
   i: "6"
   ndone: 7
   n: 7
n7:
   p: !!opencv-matrix
      rows: 7
      cols: 2
      dt: f
      data: [ 1.69991058e+02, 3.50287384e+02, 2.86493896e+02,
          3.36588531e+02, 4.49274445e+02, 3.17306763e+02, 5.77841309e+02,
          3.04506927e+02, 6.94541504e+02, 2.94001221e+02, 8.00161194e+02,
          2.85178284e+02, 8.92722656e+02, 2.75313202e+02 ]
   idx: [ 0, 1, 2, 3, 4, 5, 6 ]
   i: "7"
   ndone: 7
   n: 7
